1600871611	0	1600871613
1600871613	1	1600871626
1600871626	2	1600871641
1600871641	3	1600871656
1600871656	4	1600871671
1600871671	5	1600871686
1600871686	6	1600871701
1600871701	7	1600871717
1600871717	8	1600871732
1600871732	9	1600871747
1600871747	10	1600872083
1600872083	9	1600872092
1600872092	8	1600872149
1600872149	7	1600872167
1600872167	6	1600872176
1600872176	5	1600872204
1600872204	4	1600872227
1600872227	3	1600872262
1600872262	2	1600872303
1600872303	1	1600872317
