15 1600851851 0.800000 -1.000000 -101.000000 0.000000 0.000000
15 1600851852 0.800000 -1.000000 -101.000000 0.000000 0.000000
15 1600851853 0.800000 -1.000000 -101.000000 0.000000 0.000000
15 1600851854 0.800000 -1.000000 -101.000000 0.000000 0.000000
15 1600851855 0.800000 -1.000000 -101.000000 0.000000 0.000000
15 1600851856 1.600000 -1.000000 -101.000000 0.000000 0.000000
15 1600851857 1.600000 -1.000000 -101.000000 0.000000 0.000000
15 1600851858 1.600000 -1.000000 -101.000000 0.000000 0.000000
15 1600851859 1.600000 -1.000000 -101.000000 0.000000 0.000000
15 1600851860 1.600000 -1.000000 -101.000000 0.000000 0.000000
15 1600851866 0.800000 -1.000000 -101.000000 0.000000 0.000000
15 1600851867 0.800000 -1.000000 -101.000000 0.000000 0.000000
15 1600851868 0.800000 -1.000000 -101.000000 0.000000 0.000000
15 1600851869 0.800000 -1.000000 -101.000000 0.000000 0.000000
15 1600851870 0.800000 -1.000000 -101.000000 0.000000 0.000000
15 1600851871 1.200000 -1.000000 -101.000000 0.000000 0.000000
15 1600851872 1.200000 -1.000000 -101.000000 0.000000 0.000000
15 1600851873 1.200000 -1.000000 -101.000000 0.000000 0.000000
15 1600851874 1.200000 -1.000000 -101.000000 0.000000 0.000000
15 1600851875 1.200000 -1.000000 -101.000000 0.000000 0.000000
15 1600851876 3.200000 -1.000000 -101.000000 0.000000 0.000000
15 1600851877 3.200000 -1.000000 -101.000000 0.000000 0.000000
15 1600851878 3.200000 -1.000000 -101.000000 0.000000 0.000000
15 1600851879 3.200000 -1.000000 -101.000000 0.000000 0.000000
15 1600851880 3.200000 -1.000000 -101.000000 0.000000 0.000000
26 1600851871 0.800000 -1.000000 -101.000000 0.000000 0.000000
26 1600851872 0.800000 -1.000000 -101.000000 0.000000 0.000000
26 1600851873 0.800000 -1.000000 -101.000000 0.000000 0.000000
26 1600851874 0.800000 -1.000000 -101.000000 0.000000 0.000000
26 1600851875 0.800000 -1.000000 -101.000000 0.000000 0.000000
26 1600851876 1.600000 -1.000000 -101.000000 0.000000 0.000000
26 1600851877 1.600000 -1.000000 -101.000000 0.000000 0.000000
26 1600851878 1.600000 -1.000000 -101.000000 0.000000 0.000000
26 1600851879 1.600000 -1.000000 -101.000000 0.000000 0.000000
26 1600851880 1.600000 -1.000000 -101.000000 0.000000 0.000000
15 1600851886 1.200000 -1.000000 -101.000000 0.000000 0.000000
15 1600851887 1.200000 -1.000000 -101.000000 0.000000 0.000000
15 1600851888 1.200000 -1.000000 -101.000000 0.000000 0.000000
26 1600851886 0.800000 -1.000000 -101.000000 0.000000 0.000000
26 1600851887 0.800000 -1.000000 -101.000000 0.000000 0.000000
26 1600851888 0.800000 -1.000000 -101.000000 0.000000 0.000000
15 1600851889 1.200000 -1.000000 -101.000000 0.000000 0.000000
15 1600851890 1.200000 -1.000000 -101.000000 0.000000 0.000000
15 1600851891 0.800000 -1.000000 -101.000000 0.000000 0.000000
15 1600851892 0.800000 -1.000000 -101.000000 0.000000 0.000000
15 1600851893 0.800000 -1.000000 -101.000000 0.000000 0.000000
15 1600851894 0.800000 -1.000000 -101.000000 0.000000 0.000000
15 1600851895 0.800000 -1.000000 -101.000000 0.000000 0.000000
15 1600851896 1.600000 -1.000000 -101.000000 0.000000 0.000000
15 1600851897 1.600000 -1.000000 -101.000000 0.000000 0.000000
15 1600851898 1.600000 -1.000000 -101.000000 0.000000 0.000000
26 1600851889 0.800000 -1.000000 -101.000000 0.000000 0.000000
26 1600851890 0.800000 -1.000000 -101.000000 0.000000 0.000000
26 1600851896 2.000000 -1.000000 -101.000000 0.000000 0.000000
26 1600851897 2.000000 -1.000000 -101.000000 0.000000 0.000000
26 1600851898 2.000000 -1.000000 -101.000000 0.000000 0.000000
15 1600851899 1.600000 -1.000000 -101.000000 0.000000 0.000000
15 1600851900 1.600000 -1.000000 -101.000000 0.000000 0.000000
15 1600851901 0.600000 -1.000000 -101.000000 0.000000 0.000000
15 1600851902 0.600000 -1.000000 -101.000000 0.000000 0.000000
15 1600851903 0.600000 -1.000000 -101.000000 0.000000 0.000000
26 1600851899 2.000000 -1.000000 -101.000000 0.000000 0.000000
26 1600851900 2.000000 -1.000000 -101.000000 0.000000 0.000000
26 1600851901 1.400000 -1.000000 -101.000000 0.000000 0.000000
26 1600851902 1.400000 -1.000000 -101.000000 0.000000 0.000000
26 1600851903 1.400000 -1.000000 -101.000000 0.000000 0.000000
15 1600851904 0.600000 -1.000000 -101.000000 0.000000 0.000000
15 1600851905 0.600000 -1.000000 -101.000000 0.000000 0.000000
15 1600851906 0.800000 -1.000000 -101.000000 0.000000 0.000000
15 1600851907 0.800000 -1.000000 -101.000000 0.000000 0.000000
15 1600851908 0.800000 -1.000000 -101.000000 0.000000 0.000000
26 1600851904 1.400000 -1.000000 -101.000000 0.000000 0.000000
26 1600851905 1.400000 -1.000000 -101.000000 0.000000 0.000000
26 1600851906 1.600000 -1.000000 -101.000000 0.000000 0.000000
26 1600851907 1.600000 -1.000000 -101.000000 0.000000 0.000000
26 1600851908 1.600000 -1.000000 -101.000000 0.000000 0.000000
15 1600851909 0.800000 -1.000000 -101.000000 0.000000 0.000000
15 1600851910 0.800000 -1.000000 -101.000000 0.000000 0.000000
15 1600851911 1.000000 -1.000000 -101.000000 0.000000 0.000000
15 1600851912 1.000000 -1.000000 -101.000000 0.000000 0.000000
15 1600851913 1.000000 -1.000000 -101.000000 0.000000 0.000000
15 1600851914 1.000000 -1.000000 -101.000000 0.000000 0.000000
15 1600851915 1.000000 -1.000000 -101.000000 0.000000 0.000000
15 1600851916 0.600000 -1.000000 -101.000000 0.000000 0.000000
15 1600851917 0.600000 -1.000000 -101.000000 0.000000 0.000000
15 1600851918 0.600000 -1.000000 -101.000000 0.000000 0.000000
26 1600851909 1.600000 -1.000000 -101.000000 0.000000 0.000000
26 1600851910 1.600000 -1.000000 -101.000000 0.000000 0.000000
26 1600851911 0.800000 -1.000000 -101.000000 0.000000 0.000000
26 1600851912 0.800000 -1.000000 -101.000000 0.000000 0.000000
26 1600851913 0.800000 -1.000000 -101.000000 0.000000 0.000000
26 1600851914 0.800000 -1.000000 -101.000000 0.000000 0.000000
26 1600851915 0.800000 -1.000000 -101.000000 0.000000 0.000000
26 1600851916 1.400000 -1.000000 -101.000000 0.000000 0.000000
26 1600851917 1.400000 -1.000000 -101.000000 0.000000 0.000000
26 1600851918 1.400000 -1.000000 -101.000000 0.000000 0.000000
15 1600851919 0.600000 -1.000000 -101.000000 0.000000 0.000000
15 1600851920 0.600000 -1.000000 -101.000000 0.000000 0.000000
26 1600851919 1.400000 -1.000000 -101.000000 0.000000 0.000000
26 1600851920 1.400000 -1.000000 -101.000000 0.000000 0.000000
15 1600851926 2.200000 -1.000000 -101.000000 0.000000 0.000000
15 1600851927 2.200000 -1.000000 -101.000000 0.000000 0.000000
15 1600851928 2.200000 -1.000000 -101.000000 0.000000 0.000000
26 1600851926 2.200000 -1.000000 -101.000000 0.000000 0.000000
26 1600851927 2.200000 -1.000000 -101.000000 0.000000 0.000000
26 1600851928 2.200000 -1.000000 -101.000000 0.000000 0.000000
15 1600851929 2.200000 -1.000000 -101.000000 0.000000 0.000000
15 1600851930 2.200000 -1.000000 -101.000000 0.000000 0.000000
26 1600851929 2.200000 -1.000000 -101.000000 0.000000 0.000000
26 1600851930 2.200000 -1.000000 -101.000000 0.000000 0.000000
15 1600851941 3.000000 -1.000000 -101.000000 0.000000 0.000000
15 1600851942 3.000000 -1.000000 -101.000000 0.000000 0.000000
15 1600851943 3.000000 -1.000000 -101.000000 0.000000 0.000000
26 1600851941 2.400000 -1.000000 -101.000000 0.000000 0.000000
26 1600851942 2.400000 -1.000000 -101.000000 0.000000 0.000000
26 1600851943 2.400000 -1.000000 -101.000000 0.000000 0.000000
15 1600851944 3.000000 -1.000000 -101.000000 0.000000 0.000000
15 1600851945 3.000000 -1.000000 -101.000000 0.000000 0.000000
15 1600851946 2.400000 -1.000000 -101.000000 0.000000 0.000000
15 1600851947 2.400000 -1.000000 -101.000000 0.000000 0.000000
15 1600851948 2.400000 -1.000000 -101.000000 0.000000 0.000000
26 1600851944 2.400000 -1.000000 -101.000000 0.000000 0.000000
26 1600851945 2.400000 -1.000000 -101.000000 0.000000 0.000000
26 1600851946 1.600000 -1.000000 -101.000000 0.000000 0.000000
26 1600851947 1.600000 -1.000000 -101.000000 0.000000 0.000000
26 1600851948 1.600000 -1.000000 -101.000000 0.000000 0.000000
15 1600851949 2.400000 -1.000000 -101.000000 0.000000 0.000000
15 1600851950 2.400000 -1.000000 -101.000000 0.000000 0.000000
26 1600851949 1.600000 -1.000000 -101.000000 0.000000 0.000000
26 1600851950 1.600000 -1.000000 -101.000000 0.000000 0.000000
15 1600851956 0.800000 -1.000000 -101.000000 0.000000 0.000000
15 1600851957 0.800000 -1.000000 -101.000000 0.000000 0.000000
15 1600851958 0.800000 -1.000000 -101.000000 0.000000 0.000000
26 1600851956 0.400000 -1.000000 -101.000000 0.000000 0.000000
26 1600851957 0.400000 -1.000000 -101.000000 0.000000 0.000000
26 1600851958 0.400000 -1.000000 -101.000000 0.000000 0.000000
15 1600851959 0.800000 -1.000000 -101.000000 0.000000 0.000000
15 1600851960 0.800000 -1.000000 -101.000000 0.000000 0.000000
15 1600851961 3.200000 -1.000000 -101.000000 0.000000 0.000000
15 1600851962 3.200000 -1.000000 -101.000000 0.000000 0.000000
15 1600851963 3.200000 -1.000000 -101.000000 0.000000 0.000000
26 1600851959 0.400000 -1.000000 -101.000000 0.000000 0.000000
26 1600851960 0.400000 -1.000000 -101.000000 0.000000 0.000000
26 1600851961 1.600000 -1.000000 -101.000000 0.000000 0.000000
26 1600851962 1.600000 -1.000000 -101.000000 0.000000 0.000000
26 1600851963 1.600000 -1.000000 -101.000000 0.000000 0.000000
15 1600851964 3.200000 -1.000000 -101.000000 0.000000 0.000000
15 1600851965 3.200000 -1.000000 -101.000000 0.000000 0.000000
15 1600851966 2.000000 -1.000000 -101.000000 0.000000 0.000000
15 1600851967 2.000000 -1.000000 -101.000000 0.000000 0.000000
15 1600851968 2.000000 -1.000000 -101.000000 0.000000 0.000000
26 1600851964 1.600000 -1.000000 -101.000000 0.000000 0.000000
26 1600851965 1.600000 -1.000000 -101.000000 0.000000 0.000000
26 1600851966 0.800000 -1.000000 -101.000000 0.000000 0.000000
26 1600851967 0.800000 -1.000000 -101.000000 0.000000 0.000000
26 1600851968 0.800000 -1.000000 -101.000000 0.000000 0.000000
15 1600851969 2.000000 -1.000000 -101.000000 0.000000 0.000000
15 1600851970 2.000000 -1.000000 -101.000000 0.000000 0.000000
15 1600851971 0.800000 -1.000000 -101.000000 0.000000 0.000000
15 1600851972 0.800000 -1.000000 -101.000000 0.000000 0.000000
15 1600851973 0.800000 -1.000000 -101.000000 0.000000 0.000000
26 1600851969 0.800000 -1.000000 -101.000000 0.000000 0.000000
26 1600851970 0.800000 -1.000000 -101.000000 0.000000 0.000000
15 1600851974 0.800000 -1.000000 -101.000000 0.000000 0.000000
15 1600851975 0.800000 -1.000000 -101.000000 0.000000 0.000000
15 1600851976 2.400000 -1.000000 -101.000000 0.000000 0.000000
15 1600851977 2.400000 -1.000000 -101.000000 0.000000 0.000000
15 1600851978 2.400000 -1.000000 -101.000000 0.000000 0.000000
26 1600851976 3.600000 -1.000000 -101.000000 0.000000 0.000000
26 1600851977 3.600000 -1.000000 -101.000000 0.000000 0.000000
26 1600851978 3.600000 -1.000000 -101.000000 0.000000 0.000000
15 1600851979 2.400000 -1.000000 -101.000000 0.000000 0.000000
15 1600851980 2.400000 -1.000000 -101.000000 0.000000 0.000000
15 1600851981 1.000000 -1.000000 -101.000000 0.000000 0.000000
15 1600851982 1.000000 -1.000000 -101.000000 0.000000 0.000000
15 1600851983 1.000000 -1.000000 -101.000000 0.000000 0.000000
26 1600851979 3.600000 -1.000000 -101.000000 0.000000 0.000000
26 1600851980 3.600000 -1.000000 -101.000000 0.000000 0.000000
26 1600851981 0.800000 -1.000000 -101.000000 0.000000 0.000000
26 1600851982 0.800000 -1.000000 -101.000000 0.000000 0.000000
26 1600851983 0.800000 -1.000000 -101.000000 0.000000 0.000000
15 1600851984 1.000000 -1.000000 -101.000000 0.000000 0.000000
15 1600851985 1.000000 -1.000000 -101.000000 0.000000 0.000000
15 1600851986 2.200000 -1.000000 -101.000000 0.000000 0.000000
15 1600851987 2.200000 -1.000000 -101.000000 0.000000 0.000000
15 1600851988 2.200000 -1.000000 -101.000000 0.000000 0.000000
26 1600851984 0.800000 -1.000000 -101.000000 0.000000 0.000000
26 1600851985 0.800000 -1.000000 -101.000000 0.000000 0.000000
26 1600851986 2.000000 -1.000000 -101.000000 0.000000 0.000000
26 1600851987 2.000000 -1.000000 -101.000000 0.000000 0.000000
26 1600851988 2.000000 -1.000000 -101.000000 0.000000 0.000000
15 1600851989 2.200000 -1.000000 -101.000000 0.000000 0.000000
15 1600851990 2.200000 -1.000000 -101.000000 0.000000 0.000000
15 1600851991 2.600000 -1.000000 -101.000000 0.000000 0.000000
15 1600851992 2.600000 -1.000000 -101.000000 0.000000 0.000000
15 1600851993 2.600000 -1.000000 -101.000000 0.000000 0.000000
26 1600851989 2.000000 -1.000000 -101.000000 0.000000 0.000000
26 1600851990 2.000000 -1.000000 -101.000000 0.000000 0.000000
26 1600851991 3.800000 -1.000000 -101.000000 0.000000 0.000000
26 1600851992 3.800000 -1.000000 -101.000000 0.000000 0.000000
26 1600851993 3.800000 -1.000000 -101.000000 0.000000 0.000000
15 1600851994 2.600000 -1.000000 -101.000000 0.000000 0.000000
15 1600851995 2.600000 -1.000000 -101.000000 0.000000 0.000000
15 1600852001 0.800000 -1.000000 -101.000000 0.000000 0.000000
15 1600852002 0.800000 -1.000000 -101.000000 0.000000 0.000000
15 1600852003 0.800000 -1.000000 -101.000000 0.000000 0.000000
26 1600851994 3.800000 -1.000000 -101.000000 0.000000 0.000000
26 1600851995 3.800000 -1.000000 -101.000000 0.000000 0.000000
26 1600852001 0.400000 -1.000000 -101.000000 0.000000 0.000000
26 1600852002 0.400000 -1.000000 -101.000000 0.000000 0.000000
26 1600852003 0.400000 -1.000000 -101.000000 0.000000 0.000000
15 1600852004 0.800000 -1.000000 -101.000000 0.000000 0.000000
15 1600852005 0.800000 -1.000000 -101.000000 0.000000 0.000000
15 1600852006 1.600000 -1.000000 -101.000000 0.000000 0.000000
15 1600852007 1.600000 -1.000000 -101.000000 0.000000 0.000000
15 1600852008 1.600000 -1.000000 -101.000000 0.000000 0.000000
26 1600852004 0.400000 -1.000000 -101.000000 0.000000 0.000000
26 1600852005 0.400000 -1.000000 -101.000000 0.000000 0.000000
26 1600852006 2.200000 -1.000000 -101.000000 0.000000 0.000000
26 1600852007 2.200000 -1.000000 -101.000000 0.000000 0.000000
26 1600852008 2.200000 -1.000000 -101.000000 0.000000 0.000000
15 1600852009 1.600000 -1.000000 -101.000000 0.000000 0.000000
15 1600852010 1.600000 -1.000000 -101.000000 0.000000 0.000000
15 1600852011 2.200000 -1.000000 -101.000000 0.000000 0.000000
15 1600852012 2.200000 -1.000000 -101.000000 0.000000 0.000000
15 1600852013 2.200000 -1.000000 -101.000000 0.000000 0.000000
26 1600852009 2.200000 -1.000000 -101.000000 0.000000 0.000000
26 1600852010 2.200000 -1.000000 -101.000000 0.000000 0.000000
26 1600852011 2.000000 -1.000000 -101.000000 0.000000 0.000000
26 1600852012 2.000000 -1.000000 -101.000000 0.000000 0.000000
26 1600852013 2.000000 -1.000000 -101.000000 0.000000 0.000000
15 1600852014 2.200000 -1.000000 -101.000000 0.000000 0.000000
15 1600852015 2.200000 -1.000000 -101.000000 0.000000 0.000000
15 1600852016 0.600000 -1.000000 -101.000000 0.000000 0.000000
15 1600852017 0.600000 -1.000000 -101.000000 0.000000 0.000000
15 1600852018 0.600000 -1.000000 -101.000000 0.000000 0.000000
26 1600852014 2.000000 -1.000000 -101.000000 0.000000 0.000000
26 1600852015 2.000000 -1.000000 -101.000000 0.000000 0.000000
26 1600852016 1.200000 -1.000000 -101.000000 0.000000 0.000000
26 1600852017 1.200000 -1.000000 -101.000000 0.000000 0.000000
26 1600852018 1.200000 -1.000000 -101.000000 0.000000 0.000000
15 1600852019 0.600000 -1.000000 -101.000000 0.000000 0.000000
15 1600852020 0.600000 -1.000000 -101.000000 0.000000 0.000000
15 1600852021 2.200000 -1.000000 -101.000000 0.000000 0.000000
15 1600852022 2.200000 -1.000000 -101.000000 0.000000 0.000000
15 1600852023 2.200000 -1.000000 -101.000000 0.000000 0.000000
26 1600852019 1.200000 -1.000000 -101.000000 0.000000 0.000000
26 1600852020 1.200000 -1.000000 -101.000000 0.000000 0.000000
26 1600852021 2.200000 -1.000000 -101.000000 0.000000 0.000000
26 1600852022 2.200000 -1.000000 -101.000000 0.000000 0.000000
26 1600852023 2.200000 -1.000000 -101.000000 0.000000 0.000000
15 1600852024 2.200000 -1.000000 -101.000000 0.000000 0.000000
15 1600852025 2.200000 -1.000000 -101.000000 0.000000 0.000000
15 1600852026 2.000000 -1.000000 -101.000000 0.000000 0.000000
15 1600852027 2.000000 -1.000000 -101.000000 0.000000 0.000000
15 1600852028 2.000000 -1.000000 -101.000000 0.000000 0.000000
26 1600852024 2.200000 -1.000000 -101.000000 0.000000 0.000000
26 1600852025 2.200000 -1.000000 -101.000000 0.000000 0.000000
26 1600852026 1.200000 -1.000000 -101.000000 0.000000 0.000000
26 1600852027 1.200000 -1.000000 -101.000000 0.000000 0.000000
26 1600852028 1.200000 -1.000000 -101.000000 0.000000 0.000000
15 1600852029 2.000000 -1.000000 -101.000000 0.000000 0.000000
15 1600852030 2.000000 -1.000000 -101.000000 0.000000 0.000000
15 1600852031 4.000000 -1.000000 -101.000000 0.000000 0.000000
15 1600852032 4.000000 -1.000000 -101.000000 0.000000 0.000000
15 1600852033 4.000000 -1.000000 -101.000000 0.000000 0.000000
15 1600852034 4.000000 -1.000000 -101.000000 0.000000 0.000000
15 1600852035 4.000000 -1.000000 -101.000000 0.000000 0.000000
15 1600852036 0.600000 -1.000000 -101.000000 0.000000 0.000000
15 1600852037 0.600000 -1.000000 -101.000000 0.000000 0.000000
15 1600852038 0.600000 -1.000000 -101.000000 0.000000 0.000000
26 1600852029 1.200000 -1.000000 -101.000000 0.000000 0.000000
26 1600852030 1.200000 -1.000000 -101.000000 0.000000 0.000000
26 1600852031 2.400000 -1.000000 -101.000000 0.000000 0.000000
26 1600852032 2.400000 -1.000000 -101.000000 0.000000 0.000000
26 1600852033 2.400000 -1.000000 -101.000000 0.000000 0.000000
26 1600852034 2.400000 -1.000000 -101.000000 0.000000 0.000000
26 1600852035 2.400000 -1.000000 -101.000000 0.000000 0.000000
26 1600852036 1.200000 -1.000000 -101.000000 0.000000 0.000000
26 1600852037 1.200000 -1.000000 -101.000000 0.000000 0.000000
26 1600852038 1.200000 -1.000000 -101.000000 0.000000 0.000000
15 1600852039 0.600000 -1.000000 -101.000000 0.000000 0.000000
15 1600852040 0.600000 -1.000000 -101.000000 0.000000 0.000000
15 1600852041 2.400000 -1.000000 -101.000000 0.000000 0.000000
15 1600852042 2.400000 -1.000000 -101.000000 0.000000 0.000000
15 1600852043 2.400000 -1.000000 -101.000000 0.000000 0.000000
26 1600852039 1.200000 -1.000000 -101.000000 0.000000 0.000000
26 1600852040 1.200000 -1.000000 -101.000000 0.000000 0.000000
26 1600852041 1.600000 -1.000000 -101.000000 0.000000 0.000000
26 1600852042 1.600000 -1.000000 -101.000000 0.000000 0.000000
26 1600852043 1.600000 -1.000000 -101.000000 0.000000 0.000000
15 1600852044 2.400000 -1.000000 -101.000000 0.000000 0.000000
15 1600852045 2.400000 -1.000000 -101.000000 0.000000 0.000000
15 1600852046 1.200000 -1.000000 -101.000000 0.000000 0.000000
15 1600852047 1.200000 -1.000000 -101.000000 0.000000 0.000000
15 1600852048 1.200000 -1.000000 -101.000000 0.000000 0.000000
26 1600852044 1.600000 -1.000000 -101.000000 0.000000 0.000000
26 1600852045 1.600000 -1.000000 -101.000000 0.000000 0.000000
26 1600852046 0.800000 -1.000000 -101.000000 0.000000 0.000000
26 1600852047 0.800000 -1.000000 -101.000000 0.000000 0.000000
26 1600852048 0.800000 -1.000000 -101.000000 0.000000 0.000000
15 1600852049 1.200000 -1.000000 -101.000000 0.000000 0.000000
15 1600852050 1.200000 -1.000000 -101.000000 0.000000 0.000000
15 1600852051 3.800000 -1.000000 -101.000000 0.000000 0.000000
15 1600852052 3.800000 -1.000000 -101.000000 0.000000 0.000000
15 1600852053 3.800000 -1.000000 -101.000000 0.000000 0.000000
26 1600852049 0.800000 -1.000000 -101.000000 0.000000 0.000000
26 1600852050 0.800000 -1.000000 -101.000000 0.000000 0.000000
26 1600852051 3.400000 -1.000000 -101.000000 0.000000 0.000000
26 1600852052 3.400000 -1.000000 -101.000000 0.000000 0.000000
26 1600852053 3.400000 -1.000000 -101.000000 0.000000 0.000000
15 1600852054 3.800000 -1.000000 -101.000000 0.000000 0.000000
15 1600852055 3.800000 -1.000000 -101.000000 0.000000 0.000000
26 1600852054 3.400000 -1.000000 -101.000000 0.000000 0.000000
26 1600852055 3.400000 -1.000000 -101.000000 0.000000 0.000000
15 1600852061 1.200000 -1.000000 -101.000000 0.000000 0.000000
15 1600852062 1.200000 -1.000000 -101.000000 0.000000 0.000000
15 1600852063 1.200000 -1.000000 -101.000000 0.000000 0.000000
26 1600852061 2.800000 -1.000000 -101.000000 0.000000 0.000000
26 1600852062 2.800000 -1.000000 -101.000000 0.000000 0.000000
26 1600852063 2.800000 -1.000000 -101.000000 0.000000 0.000000
15 1600852064 1.200000 -1.000000 -101.000000 0.000000 0.000000
15 1600852065 1.200000 -1.000000 -101.000000 0.000000 0.000000
15 1600852066 0.800000 -1.000000 -101.000000 0.000000 0.000000
15 1600852067 0.800000 -1.000000 -101.000000 0.000000 0.000000
15 1600852068 0.800000 -1.000000 -101.000000 0.000000 0.000000
26 1600852064 2.800000 -1.000000 -101.000000 0.000000 0.000000
26 1600852065 2.800000 -1.000000 -101.000000 0.000000 0.000000
26 1600852066 0.400000 -1.000000 -101.000000 0.000000 0.000000
26 1600852067 0.400000 -1.000000 -101.000000 0.000000 0.000000
26 1600852068 0.400000 -1.000000 -101.000000 0.000000 0.000000
15 1600852069 0.800000 -1.000000 -101.000000 0.000000 0.000000
15 1600852070 0.800000 -1.000000 -101.000000 0.000000 0.000000
15 1600852071 2.400000 -1.000000 -101.000000 0.000000 0.000000
15 1600852072 2.400000 -1.000000 -101.000000 0.000000 0.000000
15 1600852073 2.400000 -1.000000 -101.000000 0.000000 0.000000
26 1600852069 0.400000 -1.000000 -101.000000 0.000000 0.000000
26 1600852070 0.400000 -1.000000 -101.000000 0.000000 0.000000
26 1600852071 3.600000 -1.000000 -101.000000 0.000000 0.000000
26 1600852072 3.600000 -1.000000 -101.000000 0.000000 0.000000
26 1600852073 3.600000 -1.000000 -101.000000 0.000000 0.000000
15 1600852074 2.400000 -1.000000 -101.000000 0.000000 0.000000
15 1600852075 2.400000 -1.000000 -101.000000 0.000000 0.000000
15 1600852076 0.600000 -1.000000 -101.000000 0.000000 0.000000
15 1600852077 0.600000 -1.000000 -101.000000 0.000000 0.000000
15 1600852078 0.600000 -1.000000 -101.000000 0.000000 0.000000
26 1600852074 3.600000 -1.000000 -101.000000 0.000000 0.000000
26 1600852075 3.600000 -1.000000 -101.000000 0.000000 0.000000
26 1600852076 1.400000 -1.000000 -101.000000 0.000000 0.000000
26 1600852077 1.400000 -1.000000 -101.000000 0.000000 0.000000
26 1600852078 1.400000 -1.000000 -101.000000 0.000000 0.000000
15 1600852079 0.600000 -1.000000 -101.000000 0.000000 0.000000
15 1600852080 0.600000 -1.000000 -101.000000 0.000000 0.000000
15 1600852081 1.200000 -1.000000 -101.000000 0.000000 0.000000
15 1600852082 1.200000 -1.000000 -101.000000 0.000000 0.000000
15 1600852083 1.200000 -1.000000 -101.000000 0.000000 0.000000
15 1600852084 1.200000 -1.000000 -101.000000 0.000000 0.000000
15 1600852085 1.200000 -1.000000 -101.000000 0.000000 0.000000
15 1600852086 3.600000 -1.000000 -101.000000 0.000000 0.000000
15 1600852087 3.600000 -1.000000 -101.000000 0.000000 0.000000
15 1600852088 3.600000 -1.000000 -101.000000 0.000000 0.000000
26 1600852079 1.400000 -1.000000 -101.000000 0.000000 0.000000
26 1600852080 1.400000 -1.000000 -101.000000 0.000000 0.000000
26 1600852081 2.800000 -1.000000 -101.000000 0.000000 0.000000
26 1600852082 2.800000 -1.000000 -101.000000 0.000000 0.000000
26 1600852083 2.800000 -1.000000 -101.000000 0.000000 0.000000
26 1600852084 2.800000 -1.000000 -101.000000 0.000000 0.000000
26 1600852085 2.800000 -1.000000 -101.000000 0.000000 0.000000
26 1600852086 2.000000 -1.000000 -101.000000 0.000000 0.000000
26 1600852087 2.000000 -1.000000 -101.000000 0.000000 0.000000
26 1600852088 2.000000 -1.000000 -101.000000 0.000000 0.000000
15 1600852089 3.600000 -1.000000 -101.000000 0.000000 0.000000
15 1600852090 3.600000 -1.000000 -101.000000 0.000000 0.000000
26 1600852089 2.000000 -1.000000 -101.000000 0.000000 0.000000
26 1600852090 2.000000 -1.000000 -101.000000 0.000000 0.000000
15 1600852096 0.800000 -1.000000 -101.000000 0.000000 0.000000
15 1600852097 0.800000 -1.000000 -101.000000 0.000000 0.000000
15 1600852098 0.800000 -1.000000 -101.000000 0.000000 0.000000
26 1600852096 0.400000 -1.000000 -101.000000 0.000000 0.000000
26 1600852097 0.400000 -1.000000 -101.000000 0.000000 0.000000
26 1600852098 0.400000 -1.000000 -101.000000 0.000000 0.000000
15 1600852099 0.800000 -1.000000 -101.000000 0.000000 0.000000
15 1600852100 0.800000 -1.000000 -101.000000 0.000000 0.000000
15 1600852101 1.400000 -1.000000 -101.000000 0.000000 0.000000
15 1600852102 1.400000 -1.000000 -101.000000 0.000000 0.000000
15 1600852103 1.400000 -1.000000 -101.000000 0.000000 0.000000
26 1600852099 0.400000 -1.000000 -101.000000 0.000000 0.000000
26 1600852100 0.400000 -1.000000 -101.000000 0.000000 0.000000
26 1600852101 1.800000 -1.000000 -101.000000 0.000000 0.000000
26 1600852102 1.800000 -1.000000 -101.000000 0.000000 0.000000
26 1600852103 1.800000 -1.000000 -101.000000 0.000000 0.000000
15 1600852104 1.400000 -1.000000 -101.000000 0.000000 0.000000
15 1600852105 1.400000 -1.000000 -101.000000 0.000000 0.000000
15 1600852106 4.200000 -1.000000 -101.000000 0.000000 0.000000
15 1600852107 4.200000 -1.000000 -101.000000 0.000000 0.000000
15 1600852108 4.200000 -1.000000 -101.000000 0.000000 0.000000
26 1600852104 1.800000 -1.000000 -101.000000 0.000000 0.000000
26 1600852105 1.800000 -1.000000 -101.000000 0.000000 0.000000
26 1600852106 2.800000 -1.000000 -101.000000 0.000000 0.000000
26 1600852107 2.800000 -1.000000 -101.000000 0.000000 0.000000
26 1600852108 2.800000 -1.000000 -101.000000 0.000000 0.000000
15 1600852109 4.200000 -1.000000 -101.000000 0.000000 0.000000
15 1600852110 4.200000 -1.000000 -101.000000 0.000000 0.000000
15 1600852111 1.600000 -1.000000 -101.000000 0.000000 0.000000
15 1600852112 1.600000 -1.000000 -101.000000 0.000000 0.000000
15 1600852113 1.600000 -1.000000 -101.000000 0.000000 0.000000
26 1600852109 2.800000 -1.000000 -101.000000 0.000000 0.000000
26 1600852110 2.800000 -1.000000 -101.000000 0.000000 0.000000
26 1600852111 0.800000 -1.000000 -101.000000 0.000000 0.000000
26 1600852112 0.800000 -1.000000 -101.000000 0.000000 0.000000
26 1600852113 0.800000 -1.000000 -101.000000 0.000000 0.000000
15 1600852114 1.600000 -1.000000 -101.000000 0.000000 0.000000
15 1600852115 1.600000 -1.000000 -101.000000 0.000000 0.000000
15 1600852116 1.800000 -1.000000 -101.000000 0.000000 0.000000
15 1600852117 1.800000 -1.000000 -101.000000 0.000000 0.000000
15 1600852118 1.800000 -1.000000 -101.000000 0.000000 0.000000
15 1600852119 1.800000 -1.000000 -101.000000 0.000000 0.000000
15 1600852120 1.800000 -1.000000 -101.000000 0.000000 0.000000
15 1600852121 1.200000 -1.000000 -101.000000 0.000000 0.000000
15 1600852122 1.200000 -1.000000 -101.000000 0.000000 0.000000
15 1600852123 1.200000 -1.000000 -101.000000 0.000000 0.000000
26 1600852114 0.800000 -1.000000 -101.000000 0.000000 0.000000
26 1600852115 0.800000 -1.000000 -101.000000 0.000000 0.000000
26 1600852116 2.200000 -1.000000 -101.000000 0.000000 0.000000
26 1600852117 2.200000 -1.000000 -101.000000 0.000000 0.000000
26 1600852118 2.200000 -1.000000 -101.000000 0.000000 0.000000
26 1600852119 2.200000 -1.000000 -101.000000 0.000000 0.000000
26 1600852120 2.200000 -1.000000 -101.000000 0.000000 0.000000
26 1600852121 0.800000 -1.000000 -101.000000 0.000000 0.000000
26 1600852122 0.800000 -1.000000 -101.000000 0.000000 0.000000
26 1600852123 0.800000 -1.000000 -101.000000 0.000000 0.000000
15 1600852124 1.200000 -1.000000 -101.000000 0.000000 0.000000
15 1600852125 1.200000 -1.000000 -101.000000 0.000000 0.000000
15 1600852126 1.000000 -1.000000 -101.000000 0.000000 0.000000
15 1600852127 1.000000 -1.000000 -101.000000 0.000000 0.000000
15 1600852128 1.000000 -1.000000 -101.000000 0.000000 0.000000
26 1600852124 0.800000 -1.000000 -101.000000 0.000000 0.000000
26 1600852125 0.800000 -1.000000 -101.000000 0.000000 0.000000
26 1600852126 0.800000 -1.000000 -101.000000 0.000000 0.000000
26 1600852127 0.800000 -1.000000 -101.000000 0.000000 0.000000
26 1600852128 0.800000 -1.000000 -101.000000 0.000000 0.000000
15 1600852129 1.000000 -1.000000 -101.000000 0.000000 0.000000
15 1600852130 1.000000 -1.000000 -101.000000 0.000000 0.000000
15 1600852131 2.400000 -1.000000 -101.000000 0.000000 0.000000
15 1600852132 2.400000 -1.000000 -101.000000 0.000000 0.000000
15 1600852133 2.400000 -1.000000 -101.000000 0.000000 0.000000
26 1600852129 0.800000 -1.000000 -101.000000 0.000000 0.000000
26 1600852130 0.800000 -1.000000 -101.000000 0.000000 0.000000
26 1600852131 1.600000 -1.000000 -101.000000 0.000000 0.000000
26 1600852132 1.600000 -1.000000 -101.000000 0.000000 0.000000
26 1600852133 1.600000 -1.000000 -101.000000 0.000000 0.000000
15 1600852134 2.400000 -1.000000 -101.000000 0.000000 0.000000
15 1600852135 2.400000 -1.000000 -101.000000 0.000000 0.000000
15 1600852136 2.600000 -1.000000 -101.000000 0.000000 0.000000
15 1600852137 2.600000 -1.000000 -101.000000 0.000000 0.000000
15 1600852138 2.600000 -1.000000 -101.000000 0.000000 0.000000
26 1600852134 1.600000 -1.000000 -101.000000 0.000000 0.000000
26 1600852135 1.600000 -1.000000 -101.000000 0.000000 0.000000
26 1600852136 4.400000 -1.000000 -101.000000 0.000000 0.000000
26 1600852137 4.400000 -1.000000 -101.000000 0.000000 0.000000
26 1600852138 4.400000 -1.000000 -101.000000 0.000000 0.000000
15 1600852139 2.600000 -1.000000 -101.000000 0.000000 0.000000
15 1600852140 2.600000 -1.000000 -101.000000 0.000000 0.000000
26 1600852139 4.400000 -1.000000 -101.000000 0.000000 0.000000
26 1600852140 4.400000 -1.000000 -101.000000 0.000000 0.000000
15 1600852146 1.800000 -1.000000 -101.000000 0.000000 0.000000
15 1600852147 1.800000 -1.000000 -101.000000 0.000000 0.000000
15 1600852148 1.800000 -1.000000 -101.000000 0.000000 0.000000
26 1600852146 3.000000 -1.000000 -101.000000 0.000000 0.000000
26 1600852147 3.000000 -1.000000 -101.000000 0.000000 0.000000
26 1600852148 3.000000 -1.000000 -101.000000 0.000000 0.000000
15 1600852149 1.800000 -1.000000 -101.000000 0.000000 0.000000
15 1600852150 1.800000 -1.000000 -101.000000 0.000000 0.000000
15 1600852151 1.400000 -1.000000 -101.000000 0.000000 0.000000
15 1600852152 1.400000 -1.000000 -101.000000 0.000000 0.000000
15 1600852153 1.400000 -1.000000 -101.000000 0.000000 0.000000
26 1600852149 3.000000 -1.000000 -101.000000 0.000000 0.000000
26 1600852150 3.000000 -1.000000 -101.000000 0.000000 0.000000
26 1600852151 1.600000 -1.000000 -101.000000 0.000000 0.000000
26 1600852152 1.600000 -1.000000 -101.000000 0.000000 0.000000
26 1600852153 1.600000 -1.000000 -101.000000 0.000000 0.000000
15 1600852154 1.400000 -1.000000 -101.000000 0.000000 0.000000
15 1600852155 1.400000 -1.000000 -101.000000 0.000000 0.000000
15 1600852156 2.000000 -1.000000 -101.000000 0.000000 0.000000
15 1600852157 2.000000 -1.000000 -101.000000 0.000000 0.000000
15 1600852158 2.000000 -1.000000 -101.000000 0.000000 0.000000
26 1600852154 1.600000 -1.000000 -101.000000 0.000000 0.000000
26 1600852155 1.600000 -1.000000 -101.000000 0.000000 0.000000
26 1600852156 2.400000 -1.000000 -101.000000 0.000000 0.000000
26 1600852157 2.400000 -1.000000 -101.000000 0.000000 0.000000
26 1600852158 2.400000 -1.000000 -101.000000 0.000000 0.000000
15 1600852159 2.000000 -1.000000 -101.000000 0.000000 0.000000
15 1600852160 2.000000 -1.000000 -101.000000 0.000000 0.000000
15 1600852161 1.400000 -1.000000 -101.000000 0.000000 0.000000
15 1600852162 1.400000 -1.000000 -101.000000 0.000000 0.000000
15 1600852163 1.400000 -1.000000 -101.000000 0.000000 0.000000
26 1600852159 2.400000 -1.000000 -101.000000 0.000000 0.000000
26 1600852160 2.400000 -1.000000 -101.000000 0.000000 0.000000
26 1600852161 1.800000 -1.000000 -101.000000 0.000000 0.000000
26 1600852162 1.800000 -1.000000 -101.000000 0.000000 0.000000
26 1600852163 1.800000 -1.000000 -101.000000 0.000000 0.000000
15 1600852164 1.400000 -1.000000 -101.000000 0.000000 0.000000
15 1600852165 1.400000 -1.000000 -101.000000 0.000000 0.000000
15 1600852166 2.800000 -1.000000 -101.000000 0.000000 0.000000
15 1600852167 2.800000 -1.000000 -101.000000 0.000000 0.000000
15 1600852168 2.800000 -1.000000 -101.000000 0.000000 0.000000
26 1600852164 1.800000 -1.000000 -101.000000 0.000000 0.000000
26 1600852165 1.800000 -1.000000 -101.000000 0.000000 0.000000
26 1600852166 1.600000 -1.000000 -101.000000 0.000000 0.000000
26 1600852167 1.600000 -1.000000 -101.000000 0.000000 0.000000
26 1600852168 1.600000 -1.000000 -101.000000 0.000000 0.000000
15 1600852169 2.800000 -1.000000 -101.000000 0.000000 0.000000
15 1600852170 2.800000 -1.000000 -101.000000 0.000000 0.000000
15 1600852171 1.200000 -1.000000 -101.000000 0.000000 0.000000
15 1600852172 1.200000 -1.000000 -101.000000 0.000000 0.000000
15 1600852173 1.200000 -1.000000 -101.000000 0.000000 0.000000
26 1600852169 1.600000 -1.000000 -101.000000 0.000000 0.000000
26 1600852170 1.600000 -1.000000 -101.000000 0.000000 0.000000
26 1600852171 0.800000 -1.000000 -101.000000 0.000000 0.000000
26 1600852172 0.800000 -1.000000 -101.000000 0.000000 0.000000
26 1600852173 0.800000 -1.000000 -101.000000 0.000000 0.000000
15 1600852174 1.200000 -1.000000 -101.000000 0.000000 0.000000
15 1600852175 1.200000 -1.000000 -101.000000 0.000000 0.000000
26 1600852174 0.800000 -1.000000 -101.000000 0.000000 0.000000
26 1600852175 0.800000 -1.000000 -101.000000 0.000000 0.000000
15 1600852181 2.000000 -1.000000 -101.000000 0.000000 0.000000
15 1600852182 2.000000 -1.000000 -101.000000 0.000000 0.000000
15 1600852183 2.000000 -1.000000 -101.000000 0.000000 0.000000
26 1600852181 1.200000 -1.000000 -101.000000 0.000000 0.000000
26 1600852182 1.200000 -1.000000 -101.000000 0.000000 0.000000
26 1600852183 1.200000 -1.000000 -101.000000 0.000000 0.000000
15 1600852184 2.000000 -1.000000 -101.000000 0.000000 0.000000
15 1600852185 2.000000 -1.000000 -101.000000 0.000000 0.000000
15 1600852186 3.800000 -1.000000 -101.000000 0.000000 0.000000
15 1600852187 3.800000 -1.000000 -101.000000 0.000000 0.000000
15 1600852188 3.800000 -1.000000 -101.000000 0.000000 0.000000
26 1600852184 1.200000 -1.000000 -101.000000 0.000000 0.000000
26 1600852185 1.200000 -1.000000 -101.000000 0.000000 0.000000
26 1600852186 3.400000 -1.000000 -101.000000 0.000000 0.000000
26 1600852187 3.400000 -1.000000 -101.000000 0.000000 0.000000
26 1600852188 3.400000 -1.000000 -101.000000 0.000000 0.000000
15 1600852189 3.800000 -1.000000 -101.000000 0.000000 0.000000
15 1600852190 3.800000 -1.000000 -101.000000 0.000000 0.000000
15 1600852191 1.600000 -1.000000 -101.000000 0.000000 0.000000
15 1600852192 1.600000 -1.000000 -101.000000 0.000000 0.000000
15 1600852193 1.600000 -1.000000 -101.000000 0.000000 0.000000
26 1600852189 3.400000 -1.000000 -101.000000 0.000000 0.000000
26 1600852190 3.400000 -1.000000 -101.000000 0.000000 0.000000
26 1600852191 0.800000 -1.000000 -101.000000 0.000000 0.000000
26 1600852192 0.800000 -1.000000 -101.000000 0.000000 0.000000
26 1600852193 0.800000 -1.000000 -101.000000 0.000000 0.000000
15 1600852194 1.600000 -1.000000 -101.000000 0.000000 0.000000
15 1600852195 1.600000 -1.000000 -101.000000 0.000000 0.000000
15 1600852196 1.200000 -1.000000 -101.000000 0.000000 0.000000
15 1600852197 1.200000 -1.000000 -101.000000 0.000000 0.000000
15 1600852198 1.200000 -1.000000 -101.000000 0.000000 0.000000
26 1600852194 0.800000 -1.000000 -101.000000 0.000000 0.000000
26 1600852195 0.800000 -1.000000 -101.000000 0.000000 0.000000
26 1600852196 2.800000 -1.000000 -101.000000 0.000000 0.000000
26 1600852197 2.800000 -1.000000 -101.000000 0.000000 0.000000
26 1600852198 2.800000 -1.000000 -101.000000 0.000000 0.000000
15 1600852199 1.200000 -1.000000 -101.000000 0.000000 0.000000
15 1600852200 1.200000 -1.000000 -101.000000 0.000000 0.000000
15 1600852201 1.200000 -1.000000 -101.000000 0.000000 0.000000
15 1600852202 1.200000 -1.000000 -101.000000 0.000000 0.000000
15 1600852203 1.200000 -1.000000 -101.000000 0.000000 0.000000
26 1600852199 2.800000 -1.000000 -101.000000 0.000000 0.000000
26 1600852200 2.800000 -1.000000 -101.000000 0.000000 0.000000
26 1600852201 0.800000 -1.000000 -101.000000 0.000000 0.000000
26 1600852202 0.800000 -1.000000 -101.000000 0.000000 0.000000
26 1600852203 0.800000 -1.000000 -101.000000 0.000000 0.000000
15 1600852204 1.200000 -1.000000 -101.000000 0.000000 0.000000
15 1600852205 1.200000 -1.000000 -101.000000 0.000000 0.000000
15 1600852206 1.200000 -1.000000 -101.000000 0.000000 0.000000
15 1600852207 1.200000 -1.000000 -101.000000 0.000000 0.000000
15 1600852208 1.200000 -1.000000 -101.000000 0.000000 0.000000
26 1600852204 0.800000 -1.000000 -101.000000 0.000000 0.000000
26 1600852205 0.800000 -1.000000 -101.000000 0.000000 0.000000
26 1600852206 0.800000 -1.000000 -101.000000 0.000000 0.000000
26 1600852207 0.800000 -1.000000 -101.000000 0.000000 0.000000
26 1600852208 0.800000 -1.000000 -101.000000 0.000000 0.000000
15 1600852209 1.200000 -1.000000 -101.000000 0.000000 0.000000
15 1600852210 1.200000 -1.000000 -101.000000 0.000000 0.000000
15 1600852211 3.000000 -1.000000 -101.000000 0.000000 0.000000
15 1600852212 3.000000 -1.000000 -101.000000 0.000000 0.000000
15 1600852213 3.000000 -1.000000 -101.000000 0.000000 0.000000
26 1600852209 0.800000 -1.000000 -101.000000 0.000000 0.000000
26 1600852210 0.800000 -1.000000 -101.000000 0.000000 0.000000
26 1600852211 3.000000 -1.000000 -101.000000 0.000000 0.000000
26 1600852212 3.000000 -1.000000 -101.000000 0.000000 0.000000
26 1600852213 3.000000 -1.000000 -101.000000 0.000000 0.000000
15 1600852214 3.000000 -1.000000 -101.000000 0.000000 0.000000
15 1600852215 3.000000 -1.000000 -101.000000 0.000000 0.000000
15 1600852216 1.200000 -1.000000 -101.000000 0.000000 0.000000
15 1600852217 1.200000 -1.000000 -101.000000 0.000000 0.000000
15 1600852218 1.200000 -1.000000 -101.000000 0.000000 0.000000
26 1600852214 3.000000 -1.000000 -101.000000 0.000000 0.000000
26 1600852215 3.000000 -1.000000 -101.000000 0.000000 0.000000
26 1600852216 2.800000 -1.000000 -101.000000 0.000000 0.000000
26 1600852217 2.800000 -1.000000 -101.000000 0.000000 0.000000
26 1600852218 2.800000 -1.000000 -101.000000 0.000000 0.000000
15 1600852219 1.200000 -1.000000 -101.000000 0.000000 0.000000
15 1600852220 1.200000 -1.000000 -101.000000 0.000000 0.000000
15 1600852221 0.800000 -1.000000 -101.000000 0.000000 0.000000
15 1600852222 0.800000 -1.000000 -101.000000 0.000000 0.000000
15 1600852223 0.800000 -1.000000 -101.000000 0.000000 0.000000
26 1600852219 2.800000 -1.000000 -101.000000 0.000000 0.000000
26 1600852220 2.800000 -1.000000 -101.000000 0.000000 0.000000
26 1600852221 0.400000 -1.000000 -101.000000 0.000000 0.000000
26 1600852222 0.400000 -1.000000 -101.000000 0.000000 0.000000
26 1600852223 0.400000 -1.000000 -101.000000 0.000000 0.000000
15 1600852224 0.800000 -1.000000 -101.000000 0.000000 0.000000
15 1600852225 0.800000 -1.000000 -101.000000 0.000000 0.000000
15 1600852226 1.400000 -1.000000 -101.000000 0.000000 0.000000
15 1600852227 1.400000 -1.000000 -101.000000 0.000000 0.000000
15 1600852228 1.400000 -1.000000 -101.000000 0.000000 0.000000
26 1600852224 0.400000 -1.000000 -101.000000 0.000000 0.000000
26 1600852225 0.400000 -1.000000 -101.000000 0.000000 0.000000
26 1600852226 1.800000 -1.000000 -101.000000 0.000000 0.000000
26 1600852227 1.800000 -1.000000 -101.000000 0.000000 0.000000
26 1600852228 1.800000 -1.000000 -101.000000 0.000000 0.000000
15 1600852229 1.400000 -1.000000 -101.000000 0.000000 0.000000
15 1600852230 1.400000 -1.000000 -101.000000 0.000000 0.000000
15 1600852231 1.600000 -1.000000 -101.000000 0.000000 0.000000
15 1600852232 1.600000 -1.000000 -101.000000 0.000000 0.000000
15 1600852233 1.600000 -1.000000 -101.000000 0.000000 0.000000
26 1600852229 1.800000 -1.000000 -101.000000 0.000000 0.000000
26 1600852230 1.800000 -1.000000 -101.000000 0.000000 0.000000
26 1600852231 0.800000 -1.000000 -101.000000 0.000000 0.000000
26 1600852232 0.800000 -1.000000 -101.000000 0.000000 0.000000
26 1600852233 0.800000 -1.000000 -101.000000 0.000000 0.000000
15 1600852234 1.600000 -1.000000 -101.000000 0.000000 0.000000
15 1600852235 1.600000 -1.000000 -101.000000 0.000000 0.000000
15 1600852236 1.200000 -1.000000 -101.000000 0.000000 0.000000
15 1600852237 1.200000 -1.000000 -101.000000 0.000000 0.000000
15 1600852238 1.200000 -1.000000 -101.000000 0.000000 0.000000
26 1600852234 0.800000 -1.000000 -101.000000 0.000000 0.000000
26 1600852235 0.800000 -1.000000 -101.000000 0.000000 0.000000
26 1600852236 2.800000 -1.000000 -101.000000 0.000000 0.000000
26 1600852237 2.800000 -1.000000 -101.000000 0.000000 0.000000
26 1600852238 2.800000 -1.000000 -101.000000 0.000000 0.000000
15 1600852239 1.200000 -1.000000 -101.000000 0.000000 0.000000
15 1600852240 1.200000 -1.000000 -101.000000 0.000000 0.000000
15 1600852241 2.600000 -1.000000 -101.000000 0.000000 0.000000
15 1600852242 2.600000 -1.000000 -101.000000 0.000000 0.000000
15 1600852243 2.600000 -1.000000 -101.000000 0.000000 0.000000
15 1600852244 2.600000 -1.000000 -101.000000 0.000000 0.000000
15 1600852245 2.600000 -1.000000 -101.000000 0.000000 0.000000
15 1600852246 1.200000 -1.000000 -101.000000 0.000000 0.000000
15 1600852247 1.200000 -1.000000 -101.000000 0.000000 0.000000
15 1600852248 1.200000 -1.000000 -101.000000 0.000000 0.000000
26 1600852239 2.800000 -1.000000 -101.000000 0.000000 0.000000
26 1600852240 2.800000 -1.000000 -101.000000 0.000000 0.000000
26 1600852241 2.600000 -1.000000 -101.000000 0.000000 0.000000
26 1600852242 2.600000 -1.000000 -101.000000 0.000000 0.000000
26 1600852243 2.600000 -1.000000 -101.000000 0.000000 0.000000
26 1600852244 2.600000 -1.000000 -101.000000 0.000000 0.000000
26 1600852245 2.600000 -1.000000 -101.000000 0.000000 0.000000
26 1600852246 0.800000 -1.000000 -101.000000 0.000000 0.000000
26 1600852247 0.800000 -1.000000 -101.000000 0.000000 0.000000
26 1600852248 0.800000 -1.000000 -101.000000 0.000000 0.000000
15 1600852249 1.200000 -1.000000 -101.000000 0.000000 0.000000
15 1600852250 1.200000 -1.000000 -101.000000 0.000000 0.000000
15 1600852251 4.000000 -1.000000 -101.000000 0.000000 0.000000
15 1600852252 4.000000 -1.000000 -101.000000 0.000000 0.000000
15 1600852253 4.000000 -1.000000 -101.000000 0.000000 0.000000
26 1600852249 0.800000 -1.000000 -101.000000 0.000000 0.000000
26 1600852250 0.800000 -1.000000 -101.000000 0.000000 0.000000
26 1600852251 2.400000 -1.000000 -101.000000 0.000000 0.000000
26 1600852252 2.400000 -1.000000 -101.000000 0.000000 0.000000
26 1600852253 2.400000 -1.000000 -101.000000 0.000000 0.000000
15 1600852254 4.000000 -1.000000 -101.000000 0.000000 0.000000
15 1600852255 4.000000 -1.000000 -101.000000 0.000000 0.000000
15 1600852256 0.800000 -1.000000 -101.000000 0.000000 0.000000
15 1600852257 0.800000 -1.000000 -101.000000 0.000000 0.000000
15 1600852258 0.800000 -1.000000 -101.000000 0.000000 0.000000
26 1600852254 2.400000 -1.000000 -101.000000 0.000000 0.000000
26 1600852255 2.400000 -1.000000 -101.000000 0.000000 0.000000
26 1600852256 0.400000 -1.000000 -101.000000 0.000000 0.000000
26 1600852257 0.400000 -1.000000 -101.000000 0.000000 0.000000
26 1600852258 0.400000 -1.000000 -101.000000 0.000000 0.000000
15 1600852259 0.800000 -1.000000 -101.000000 0.000000 0.000000
15 1600852260 0.800000 -1.000000 -101.000000 0.000000 0.000000
15 1600852261 2.000000 -1.000000 -101.000000 0.000000 0.000000
15 1600852262 2.000000 -1.000000 -101.000000 0.000000 0.000000
15 1600852263 2.000000 -1.000000 -101.000000 0.000000 0.000000
26 1600852259 0.400000 -1.000000 -101.000000 0.000000 0.000000
26 1600852260 0.400000 -1.000000 -101.000000 0.000000 0.000000
26 1600852261 1.200000 -1.000000 -101.000000 0.000000 0.000000
26 1600852262 1.200000 -1.000000 -101.000000 0.000000 0.000000
26 1600852263 1.200000 -1.000000 -101.000000 0.000000 0.000000
15 1600852264 2.000000 -1.000000 -101.000000 0.000000 0.000000
15 1600852265 2.000000 -1.000000 -101.000000 0.000000 0.000000
15 1600852266 1.200000 -1.000000 -101.000000 0.000000 0.000000
15 1600852267 1.200000 -1.000000 -101.000000 0.000000 0.000000
15 1600852268 1.200000 -1.000000 -101.000000 0.000000 0.000000
26 1600852264 1.200000 -1.000000 -101.000000 0.000000 0.000000
26 1600852265 1.200000 -1.000000 -101.000000 0.000000 0.000000
26 1600852266 1.600000 -1.000000 -101.000000 0.000000 0.000000
26 1600852267 1.600000 -1.000000 -101.000000 0.000000 0.000000
26 1600852268 1.600000 -1.000000 -101.000000 0.000000 0.000000
15 1600852269 1.200000 -1.000000 -101.000000 0.000000 0.000000
15 1600852270 1.200000 -1.000000 -101.000000 0.000000 0.000000
15 1600852271 2.600000 -1.000000 -101.000000 0.000000 0.000000
15 1600852272 2.600000 -1.000000 -101.000000 0.000000 0.000000
15 1600852273 2.600000 -1.000000 -101.000000 0.000000 0.000000
15 1600852274 2.600000 -1.000000 -101.000000 0.000000 0.000000
15 1600852275 2.600000 -1.000000 -101.000000 0.000000 0.000000
15 1600852276 1.800000 -1.000000 -101.000000 0.000000 0.000000
15 1600852277 1.800000 -1.000000 -101.000000 0.000000 0.000000
15 1600852278 1.800000 -1.000000 -101.000000 0.000000 0.000000
26 1600852269 1.600000 -1.000000 -101.000000 0.000000 0.000000
26 1600852270 1.600000 -1.000000 -101.000000 0.000000 0.000000
26 1600852271 1.800000 -1.000000 -101.000000 0.000000 0.000000
26 1600852272 1.800000 -1.000000 -101.000000 0.000000 0.000000
26 1600852273 1.800000 -1.000000 -101.000000 0.000000 0.000000
26 1600852274 1.800000 -1.000000 -101.000000 0.000000 0.000000
26 1600852275 1.800000 -1.000000 -101.000000 0.000000 0.000000
26 1600852276 2.200000 -1.000000 -101.000000 0.000000 0.000000
26 1600852277 2.200000 -1.000000 -101.000000 0.000000 0.000000
26 1600852278 2.200000 -1.000000 -101.000000 0.000000 0.000000
15 1600852279 1.800000 -1.000000 -101.000000 0.000000 0.000000
15 1600852280 1.800000 -1.000000 -101.000000 0.000000 0.000000
15 1600852281 2.400000 -1.000000 -101.000000 0.000000 0.000000
15 1600852282 2.400000 -1.000000 -101.000000 0.000000 0.000000
15 1600852283 2.400000 -1.000000 -101.000000 0.000000 0.000000
15 1600852284 2.400000 -1.000000 -101.000000 0.000000 0.000000
15 1600852285 2.400000 -1.000000 -101.000000 0.000000 0.000000
15 1600852286 1.200000 -1.000000 -101.000000 0.000000 0.000000
15 1600852287 1.200000 -1.000000 -101.000000 0.000000 0.000000
15 1600852288 1.200000 -1.000000 -101.000000 0.000000 0.000000
26 1600852279 2.200000 -1.000000 -101.000000 0.000000 0.000000
26 1600852280 2.200000 -1.000000 -101.000000 0.000000 0.000000
26 1600852281 4.000000 -1.000000 -101.000000 0.000000 0.000000
26 1600852282 4.000000 -1.000000 -101.000000 0.000000 0.000000
26 1600852283 4.000000 -1.000000 -101.000000 0.000000 0.000000
26 1600852284 4.000000 -1.000000 -101.000000 0.000000 0.000000
26 1600852285 4.000000 -1.000000 -101.000000 0.000000 0.000000
26 1600852286 0.800000 -1.000000 -101.000000 0.000000 0.000000
26 1600852287 0.800000 -1.000000 -101.000000 0.000000 0.000000
26 1600852288 0.800000 -1.000000 -101.000000 0.000000 0.000000
15 1600852289 1.200000 -1.000000 -101.000000 0.000000 0.000000
15 1600852290 1.200000 -1.000000 -101.000000 0.000000 0.000000
15 1600852291 1.400000 -1.000000 -101.000000 0.000000 0.000000
15 1600852292 1.400000 -1.000000 -101.000000 0.000000 0.000000
15 1600852293 1.400000 -1.000000 -101.000000 0.000000 0.000000
26 1600852289 0.800000 -1.000000 -101.000000 0.000000 0.000000
26 1600852290 0.800000 -1.000000 -101.000000 0.000000 0.000000
26 1600852291 2.200000 -1.000000 -101.000000 0.000000 0.000000
26 1600852292 2.200000 -1.000000 -101.000000 0.000000 0.000000
26 1600852293 2.200000 -1.000000 -101.000000 0.000000 0.000000
15 1600852294 1.400000 -1.000000 -101.000000 0.000000 0.000000
15 1600852295 1.400000 -1.000000 -101.000000 0.000000 0.000000
15 1600852296 1.600000 -1.000000 -101.000000 0.000000 0.000000
15 1600852297 1.600000 -1.000000 -101.000000 0.000000 0.000000
15 1600852298 1.600000 -1.000000 -101.000000 0.000000 0.000000
26 1600852294 2.200000 -1.000000 -101.000000 0.000000 0.000000
26 1600852295 2.200000 -1.000000 -101.000000 0.000000 0.000000
26 1600852296 0.800000 -1.000000 -101.000000 0.000000 0.000000
26 1600852297 0.800000 -1.000000 -101.000000 0.000000 0.000000
26 1600852298 0.800000 -1.000000 -101.000000 0.000000 0.000000
15 1600852299 1.600000 -1.000000 -101.000000 0.000000 0.000000
15 1600852300 1.600000 -1.000000 -101.000000 0.000000 0.000000
15 1600852301 1.200000 -1.000000 -101.000000 0.000000 0.000000
15 1600852302 1.200000 -1.000000 -101.000000 0.000000 0.000000
15 1600852303 1.200000 -1.000000 -101.000000 0.000000 0.000000
26 1600852299 0.800000 -1.000000 -101.000000 0.000000 0.000000
26 1600852300 0.800000 -1.000000 -101.000000 0.000000 0.000000
26 1600852301 2.800000 -1.000000 -101.000000 0.000000 0.000000
26 1600852302 2.800000 -1.000000 -101.000000 0.000000 0.000000
26 1600852303 2.800000 -1.000000 -101.000000 0.000000 0.000000
26 1600852304 2.800000 -1.000000 -101.000000 0.000000 0.000000
26 1600852305 2.800000 -1.000000 -101.000000 0.000000 0.000000
26 1600852306 1.400000 -1.000000 -101.000000 0.000000 0.000000
26 1600852307 1.400000 -1.000000 -101.000000 0.000000 0.000000
26 1600852308 1.400000 -1.000000 -101.000000 0.000000 0.000000
15 1600852304 1.200000 -1.000000 -101.000000 0.000000 0.000000
15 1600852305 1.200000 -1.000000 -101.000000 0.000000 0.000000
15 1600852306 0.600000 -1.000000 -101.000000 0.000000 0.000000
15 1600852307 0.600000 -1.000000 -101.000000 0.000000 0.000000
15 1600852308 0.600000 -1.000000 -101.000000 0.000000 0.000000
15 1600852309 0.600000 -1.000000 -101.000000 0.000000 0.000000
15 1600852310 0.600000 -1.000000 -101.000000 0.000000 0.000000
15 1600852311 2.800000 -1.000000 -101.000000 0.000000 0.000000
15 1600852312 2.800000 -1.000000 -101.000000 0.000000 0.000000
15 1600852313 2.800000 -1.000000 -101.000000 0.000000 0.000000
26 1600852309 1.400000 -1.000000 -101.000000 0.000000 0.000000
26 1600852310 1.400000 -1.000000 -101.000000 0.000000 0.000000
26 1600852311 3.800000 -1.000000 -101.000000 0.000000 0.000000
26 1600852312 3.800000 -1.000000 -101.000000 0.000000 0.000000
26 1600852313 3.800000 -1.000000 -101.000000 0.000000 0.000000
15 1600852314 2.800000 -1.000000 -101.000000 0.000000 0.000000
15 1600852315 2.800000 -1.000000 -101.000000 0.000000 0.000000
15 1600852316 2.600000 -1.000000 -101.000000 0.000000 0.000000
15 1600852317 2.600000 -1.000000 -101.000000 0.000000 0.000000
15 1600852318 2.600000 -1.000000 -101.000000 0.000000 0.000000
26 1600852314 3.800000 -1.000000 -101.000000 0.000000 0.000000
26 1600852315 3.800000 -1.000000 -101.000000 0.000000 0.000000
26 1600852316 1.800000 -1.000000 -101.000000 0.000000 0.000000
26 1600852317 1.800000 -1.000000 -101.000000 0.000000 0.000000
26 1600852318 1.800000 -1.000000 -101.000000 0.000000 0.000000
15 1600852319 2.600000 -1.000000 -101.000000 0.000000 0.000000
15 1600852320 2.600000 -1.000000 -101.000000 0.000000 0.000000
15 1600852326 1.600000 -1.000000 -101.000000 0.000000 0.000000
15 1600852327 1.600000 -1.000000 -101.000000 0.000000 0.000000
15 1600852328 1.600000 -1.000000 -101.000000 0.000000 0.000000
15 1600852329 1.600000 -1.000000 -101.000000 0.000000 0.000000
15 1600852330 1.600000 -1.000000 -101.000000 0.000000 0.000000
15 1600852331 1.200000 -1.000000 -101.000000 0.000000 0.000000
15 1600852332 1.200000 -1.000000 -101.000000 0.000000 0.000000
15 1600852333 1.200000 -1.000000 -101.000000 0.000000 0.000000
26 1600852319 1.800000 -1.000000 -101.000000 0.000000 0.000000
26 1600852320 1.800000 -1.000000 -101.000000 0.000000 0.000000
26 1600852326 0.800000 -1.000000 -101.000000 0.000000 0.000000
26 1600852327 0.800000 -1.000000 -101.000000 0.000000 0.000000
26 1600852328 0.800000 -1.000000 -101.000000 0.000000 0.000000
26 1600852329 0.800000 -1.000000 -101.000000 0.000000 0.000000
26 1600852330 0.800000 -1.000000 -101.000000 0.000000 0.000000
26 1600852331 0.800000 -1.000000 -101.000000 0.000000 0.000000
26 1600852332 0.800000 -1.000000 -101.000000 0.000000 0.000000
26 1600852333 0.800000 -1.000000 -101.000000 0.000000 0.000000
15 1600852334 1.200000 -1.000000 -101.000000 0.000000 0.000000
15 1600852335 1.200000 -1.000000 -101.000000 0.000000 0.000000
15 1600852336 0.800000 -1.000000 -101.000000 0.000000 0.000000
15 1600852337 0.800000 -1.000000 -101.000000 0.000000 0.000000
15 1600852338 0.800000 -1.000000 -101.000000 0.000000 0.000000
15 1600852339 0.800000 -1.000000 -101.000000 0.000000 0.000000
15 1600852340 0.800000 -1.000000 -101.000000 0.000000 0.000000
15 1600852341 0.600000 -1.000000 -101.000000 0.000000 0.000000
15 1600852342 0.600000 -1.000000 -101.000000 0.000000 0.000000
15 1600852343 0.600000 -1.000000 -101.000000 0.000000 0.000000
26 1600852334 0.800000 -1.000000 -101.000000 0.000000 0.000000
26 1600852335 0.800000 -1.000000 -101.000000 0.000000 0.000000
26 1600852336 0.400000 -1.000000 -101.000000 0.000000 0.000000
26 1600852337 0.400000 -1.000000 -101.000000 0.000000 0.000000
26 1600852338 0.400000 -1.000000 -101.000000 0.000000 0.000000
26 1600852339 0.400000 -1.000000 -101.000000 0.000000 0.000000
26 1600852340 0.400000 -1.000000 -101.000000 0.000000 0.000000
26 1600852341 1.200000 -1.000000 -101.000000 0.000000 0.000000
26 1600852342 1.200000 -1.000000 -101.000000 0.000000 0.000000
26 1600852343 1.200000 -1.000000 -101.000000 0.000000 0.000000
26 1600852405 1.800000 -1.000000 1.800000 1.800000 0.000000
26 1600852404 1.800000 -1.000000 1.800000 1.800000 0.000000
26 1600852403 1.800000 -1.000000 1.800000 1.800000 0.000000
26 1600852402 1.800000 -1.000000 1.800000 1.800000 0.000000
26 1600852401 1.800000 -1.000000 1.800000 1.800000 0.000000
26 1600852400 1.200000 -1.000000 1.200000 1.200000 0.000000
26 1600852399 1.200000 -1.000000 1.200000 1.200000 0.000000
26 1600852398 1.200000 -1.000000 1.200000 1.200000 0.000000
26 1600852397 1.200000 -1.000000 1.200000 1.200000 0.000000
26 1600852396 1.200000 -1.000000 1.200000 1.200000 0.000000
26 1600852390 1.400000 -1.000000 1.400000 1.400000 0.000000
26 1600852389 1.400000 -1.000000 1.400000 1.400000 0.000000
26 1600852388 1.400000 -1.000000 1.400000 1.400000 0.000000
26 1600852387 1.400000 -1.000000 1.400000 1.400000 0.000000
26 1600852386 1.400000 -1.000000 1.400000 1.400000 0.000000
26 1600852380 3.200000 -1.000000 3.200000 3.200000 0.000000
26 1600852379 3.200000 -1.000000 3.200000 3.200000 0.000000
26 1600852378 3.200000 -1.000000 3.200000 3.200000 0.000000
26 1600852377 3.200000 -1.000000 3.200000 3.200000 0.000000
26 1600852376 3.200000 -1.000000 3.200000 3.200000 0.000000
26 1600852375 2.000000 -1.000000 2.000000 2.000000 0.000000
26 1600852374 2.000000 -1.000000 2.000000 2.000000 0.000000
26 1600852373 2.000000 -1.000000 2.000000 2.000000 0.000000
26 1600852372 2.000000 -1.000000 2.000000 2.000000 0.000000
26 1600852371 2.000000 -1.000000 2.000000 2.000000 0.000000
26 1600852370 0.400000 -1.000000 0.400000 0.400000 0.000000
26 1600852369 0.400000 -1.000000 0.400000 0.400000 0.000000
26 1600852368 0.400000 -1.000000 0.400000 0.400000 0.000000
26 1600852367 0.400000 -1.000000 0.400000 0.400000 0.000000
26 1600852366 0.400000 -1.000000 0.400000 0.400000 0.000000
26 1600852365 1.400000 -1.000000 1.400000 1.400000 0.000000
26 1600852364 1.400000 -1.000000 1.400000 1.400000 0.000000
26 1600852363 1.400000 -1.000000 1.400000 1.400000 0.000000
26 1600852362 1.400000 -1.000000 1.400000 1.400000 0.000000
26 1600852361 1.400000 -1.000000 1.400000 1.400000 0.000000
26 1600852360 1.200000 -1.000000 1.200000 1.200000 0.000000
26 1600852359 1.200000 -1.000000 1.200000 1.200000 0.000000
26 1600852358 1.200000 -1.000000 1.200000 1.200000 0.000000
26 1600852357 1.200000 -1.000000 1.200000 1.200000 0.000000
26 1600852356 1.200000 -1.000000 1.200000 1.200000 0.000000
26 1600852355 0.400000 -1.000000 0.400000 0.400000 0.000000
26 1600852354 0.400000 -1.000000 0.400000 0.400000 0.000000
26 1600852353 0.400000 -1.000000 0.400000 0.400000 0.000000
26 1600852352 0.400000 -1.000000 0.400000 0.400000 0.000000
26 1600852351 0.400000 -1.000000 0.400000 0.400000 0.000000
26 1600852350 4.800000 -1.000000 4.800000 4.800000 0.000000
26 1600852349 4.800000 -1.000000 4.800000 4.800000 0.000000
26 1600852348 4.800000 -1.000000 4.800000 4.800000 0.000000
26 1600852347 4.800000 -1.000000 4.800000 4.800000 0.000000
26 1600852346 4.800000 -1.000000 4.800000 4.800000 0.000000
26 1600852345 1.200000 -1.000000 1.200000 1.200000 0.000000
26 1600852344 1.200000 -1.000000 1.200000 1.200000 0.000000
15 1600852405 0.600000 -1.000000 0.600000 0.600000 0.000000
15 1600852404 0.600000 -1.000000 0.600000 0.600000 0.000000
15 1600852403 0.600000 -1.000000 0.600000 0.600000 0.000000
15 1600852402 0.600000 -1.000000 0.600000 0.600000 0.000000
15 1600852401 0.600000 -1.000000 0.600000 0.600000 0.000000
15 1600852400 1.800000 -1.000000 1.800000 1.800000 0.000000
15 1600852399 1.800000 -1.000000 1.800000 1.800000 0.000000
15 1600852398 1.800000 -1.000000 1.800000 1.800000 0.000000
15 1600852397 1.800000 -1.000000 1.800000 1.800000 0.000000
15 1600852396 1.800000 -1.000000 1.800000 1.800000 0.000000
15 1600852390 0.600000 -1.000000 0.600000 0.600000 0.000000
15 1600852389 0.600000 -1.000000 0.600000 0.600000 0.000000
15 1600852388 0.600000 -1.000000 0.600000 0.600000 0.000000
15 1600852387 0.600000 -1.000000 0.600000 0.600000 0.000000
15 1600852386 0.600000 -1.000000 0.600000 0.600000 0.000000
15 1600852380 2.800000 -1.000000 2.800000 2.800000 0.000000
15 1600852379 2.800000 -1.000000 2.800000 2.800000 0.000000
15 1600852378 2.800000 -1.000000 2.800000 2.800000 0.000000
15 1600852377 2.800000 -1.000000 2.800000 2.800000 0.000000
15 1600852376 2.800000 -1.000000 2.800000 2.800000 0.000000
15 1600852375 1.600000 -1.000000 1.600000 1.600000 0.000000
15 1600852374 1.600000 -1.000000 1.600000 1.600000 0.000000
15 1600852373 1.600000 -1.000000 1.600000 1.600000 0.000000
15 1600852372 1.600000 -1.000000 1.600000 1.600000 0.000000
15 1600852371 1.600000 -1.000000 1.600000 1.600000 0.000000
15 1600852365 0.600000 -1.000000 0.600000 0.600000 0.000000
15 1600852364 0.600000 -1.000000 0.600000 0.600000 0.000000
15 1600852363 0.600000 -1.000000 0.600000 0.600000 0.000000
15 1600852362 0.600000 -1.000000 0.600000 0.600000 0.000000
15 1600852361 0.600000 -1.000000 0.600000 0.600000 0.000000
15 1600852360 2.000000 -1.000000 2.000000 2.000000 0.000000
15 1600852359 2.000000 -1.000000 2.000000 2.000000 0.000000
15 1600852358 2.000000 -1.000000 2.000000 2.000000 0.000000
15 1600852357 2.000000 -1.000000 2.000000 2.000000 0.000000
15 1600852356 2.000000 -1.000000 2.000000 2.000000 0.000000
15 1600852355 0.800000 -1.000000 0.800000 0.800000 0.000000
15 1600852354 0.800000 -1.000000 0.800000 0.800000 0.000000
15 1600852353 0.800000 -1.000000 0.800000 0.800000 0.000000
15 1600852352 0.800000 -1.000000 0.800000 0.800000 0.000000
15 1600852351 0.800000 -1.000000 0.800000 0.800000 0.000000
15 1600852350 3.600000 -1.000000 3.600000 3.600000 0.000000
15 1600852349 3.600000 -1.000000 3.600000 3.600000 0.000000
15 1600852348 3.600000 -1.000000 3.600000 3.600000 0.000000
15 1600852347 3.600000 -1.000000 3.600000 3.600000 0.000000
15 1600852346 3.600000 -1.000000 3.600000 3.600000 0.000000
15 1600852345 0.600000 -1.000000 0.600000 0.600000 0.000000
15 1600852344 0.600000 -1.000000 0.600000 0.600000 0.000000
15 1600852344 0.600000 -1.000000 -101.000000 0.000000 0.000000
15 1600852345 0.600000 -1.000000 -101.000000 0.000000 0.000000
15 1600852346 3.600000 -1.000000 -101.000000 0.000000 0.000000
15 1600852347 3.600000 -1.000000 -101.000000 0.000000 0.000000
15 1600852348 3.600000 -1.000000 -101.000000 0.000000 0.000000
15 1600852349 3.600000 -1.000000 -101.000000 0.000000 0.000000
15 1600852350 3.600000 -1.000000 -101.000000 0.000000 0.000000
15 1600852351 0.800000 -1.000000 -101.000000 0.000000 0.000000
15 1600852352 0.800000 -1.000000 -101.000000 0.000000 0.000000
15 1600852353 0.800000 -1.000000 -101.000000 0.000000 0.000000
15 1600852354 0.800000 -1.000000 -101.000000 0.000000 0.000000
15 1600852355 0.800000 -1.000000 -101.000000 0.000000 0.000000
15 1600852356 2.000000 -1.000000 -101.000000 0.000000 0.000000
15 1600852357 2.000000 -1.000000 -101.000000 0.000000 0.000000
15 1600852358 2.000000 -1.000000 -101.000000 0.000000 0.000000
15 1600852359 2.000000 -1.000000 -101.000000 0.000000 0.000000
15 1600852360 2.000000 -1.000000 -101.000000 0.000000 0.000000
15 1600852361 0.600000 -1.000000 -101.000000 0.000000 0.000000
15 1600852362 0.600000 -1.000000 -101.000000 0.000000 0.000000
15 1600852363 0.600000 -1.000000 -101.000000 0.000000 0.000000
26 1600852344 1.200000 -1.000000 -101.000000 0.000000 0.000000
26 1600852345 1.200000 -1.000000 -101.000000 0.000000 0.000000
26 1600852346 4.800000 -1.000000 -101.000000 0.000000 0.000000
26 1600852347 4.800000 -1.000000 -101.000000 0.000000 0.000000
26 1600852348 4.800000 -1.000000 -101.000000 0.000000 0.000000
26 1600852349 4.800000 -1.000000 -101.000000 0.000000 0.000000
26 1600852350 4.800000 -1.000000 -101.000000 0.000000 0.000000
26 1600852351 0.400000 -1.000000 -101.000000 0.000000 0.000000
26 1600852352 0.400000 -1.000000 -101.000000 0.000000 0.000000
26 1600852353 0.400000 -1.000000 -101.000000 0.000000 0.000000
26 1600852354 0.400000 -1.000000 -101.000000 0.000000 0.000000
26 1600852355 0.400000 -1.000000 -101.000000 0.000000 0.000000
26 1600852356 1.200000 -1.000000 -101.000000 0.000000 0.000000
26 1600852357 1.200000 -1.000000 -101.000000 0.000000 0.000000
26 1600852358 1.200000 -1.000000 -101.000000 0.000000 0.000000
26 1600852359 1.200000 -1.000000 -101.000000 0.000000 0.000000
26 1600852360 1.200000 -1.000000 -101.000000 0.000000 0.000000
26 1600852361 1.400000 -1.000000 -101.000000 0.000000 0.000000
26 1600852362 1.400000 -1.000000 -101.000000 0.000000 0.000000
26 1600852363 1.400000 -1.000000 -101.000000 0.000000 0.000000
26 1600852364 1.400000 -1.000000 -101.000000 0.000000 0.000000
26 1600852365 1.400000 -1.000000 -101.000000 0.000000 0.000000
26 1600852366 0.400000 -1.000000 -101.000000 0.000000 0.000000
26 1600852367 0.400000 -1.000000 -101.000000 0.000000 0.000000
26 1600852368 0.400000 -1.000000 -101.000000 0.000000 0.000000
15 1600852364 0.600000 -1.000000 -101.000000 0.000000 0.000000
15 1600852365 0.600000 -1.000000 -101.000000 0.000000 0.000000
15 1600852371 1.600000 -1.000000 -101.000000 0.000000 0.000000
15 1600852372 1.600000 -1.000000 -101.000000 0.000000 0.000000
15 1600852373 1.600000 -1.000000 -101.000000 0.000000 0.000000
15 1600852374 1.600000 -1.000000 -101.000000 0.000000 0.000000
15 1600852375 1.600000 -1.000000 -101.000000 0.000000 0.000000
15 1600852376 2.800000 -1.000000 -101.000000 0.000000 0.000000
15 1600852377 2.800000 -1.000000 -101.000000 0.000000 0.000000
15 1600852378 2.800000 -1.000000 -101.000000 0.000000 0.000000
15 1600852379 2.800000 -1.000000 -101.000000 0.000000 0.000000
15 1600852380 2.800000 -1.000000 -101.000000 0.000000 0.000000
15 1600852386 0.600000 -1.000000 -101.000000 0.000000 0.000000
15 1600852387 0.600000 -1.000000 -101.000000 0.000000 0.000000
15 1600852388 0.600000 -1.000000 -101.000000 0.000000 0.000000
15 1600852389 0.600000 -1.000000 -101.000000 0.000000 0.000000
15 1600852390 0.600000 -1.000000 -101.000000 0.000000 0.000000
15 1600852396 1.800000 -1.000000 -101.000000 0.000000 0.000000
15 1600852397 1.800000 -1.000000 -101.000000 0.000000 0.000000
15 1600852398 1.800000 -1.000000 -101.000000 0.000000 0.000000
26 1600852369 0.400000 -1.000000 -101.000000 0.000000 0.000000
26 1600852370 0.400000 -1.000000 -101.000000 0.000000 0.000000
26 1600852371 2.000000 -1.000000 -101.000000 0.000000 0.000000
26 1600852372 2.000000 -1.000000 -101.000000 0.000000 0.000000
26 1600852373 2.000000 -1.000000 -101.000000 0.000000 0.000000
26 1600852374 2.000000 -1.000000 -101.000000 0.000000 0.000000
26 1600852375 2.000000 -1.000000 -101.000000 0.000000 0.000000
26 1600852376 3.200000 -1.000000 -101.000000 0.000000 0.000000
26 1600852377 3.200000 -1.000000 -101.000000 0.000000 0.000000
26 1600852378 3.200000 -1.000000 -101.000000 0.000000 0.000000
26 1600852379 3.200000 -1.000000 -101.000000 0.000000 0.000000
26 1600852380 3.200000 -1.000000 -101.000000 0.000000 0.000000
26 1600852386 1.400000 -1.000000 -101.000000 0.000000 0.000000
26 1600852387 1.400000 -1.000000 -101.000000 0.000000 0.000000
26 1600852388 1.400000 -1.000000 -101.000000 0.000000 0.000000
26 1600852389 1.400000 -1.000000 -101.000000 0.000000 0.000000
26 1600852390 1.400000 -1.000000 -101.000000 0.000000 0.000000
26 1600852396 1.200000 -1.000000 -101.000000 0.000000 0.000000
26 1600852397 1.200000 -1.000000 -101.000000 0.000000 0.000000
26 1600852398 1.200000 -1.000000 -101.000000 0.000000 0.000000
15 1600852399 1.800000 -1.000000 -101.000000 0.000000 0.000000
15 1600852400 1.800000 -1.000000 -101.000000 0.000000 0.000000
15 1600852401 1.000000 -1.000000 -101.000000 0.000000 0.000000
15 1600852402 1.000000 -1.000000 -101.000000 0.000000 0.000000
15 1600852403 1.000000 -1.000000 -101.000000 0.000000 0.000000
26 1600852399 1.200000 -1.000000 -101.000000 0.000000 0.000000
26 1600852400 1.200000 -1.000000 -101.000000 0.000000 0.000000
26 1600852401 3.000000 -1.000000 -101.000000 0.000000 0.000000
26 1600852402 3.000000 -1.000000 -101.000000 0.000000 0.000000
26 1600852403 3.000000 -1.000000 -101.000000 0.000000 0.000000
15 1600852404 1.000000 -1.000000 -101.000000 0.000000 0.000000
15 1600852405 1.000000 -1.000000 -101.000000 0.000000 0.000000
15 1600852406 0.200000 -1.000000 -101.000000 0.000000 0.000000
15 1600852407 0.200000 -1.000000 -101.000000 0.000000 0.000000
15 1600852408 0.200000 -1.000000 -101.000000 0.000000 0.000000
15 1600852409 0.200000 -1.000000 -101.000000 0.000000 0.000000
15 1600852410 0.200000 -1.000000 -101.000000 0.000000 0.000000
15 1600852411 0.800000 -1.000000 -101.000000 0.000000 0.000000
15 1600852412 0.800000 -1.000000 -101.000000 0.000000 0.000000
15 1600852413 0.800000 -1.000000 -101.000000 0.000000 0.000000
15 1600852414 0.800000 -1.000000 -101.000000 0.000000 0.000000
15 1600852415 0.800000 -1.000000 -101.000000 0.000000 0.000000
15 1600852416 1.200000 -1.000000 -101.000000 0.000000 0.000000
15 1600852417 1.200000 -1.000000 -101.000000 0.000000 0.000000
15 1600852418 1.200000 -1.000000 -101.000000 0.000000 0.000000
15 1600852419 1.200000 -1.000000 -101.000000 0.000000 0.000000
15 1600852420 1.200000 -1.000000 -101.000000 0.000000 0.000000
15 1600852426 0.600000 -1.000000 -101.000000 0.000000 0.000000
15 1600852427 0.600000 -1.000000 -101.000000 0.000000 0.000000
15 1600852428 0.600000 -1.000000 -101.000000 0.000000 0.000000
15 1600852429 0.600000 -1.000000 -101.000000 0.000000 0.000000
15 1600852430 0.600000 -1.000000 -101.000000 0.000000 0.000000
15 1600852431 1.200000 -1.000000 -101.000000 0.000000 0.000000
15 1600852432 1.200000 -1.000000 -101.000000 0.000000 0.000000
15 1600852433 1.200000 -1.000000 -101.000000 0.000000 0.000000
15 1600852434 1.200000 -1.000000 -101.000000 0.000000 0.000000
15 1600852435 1.200000 -1.000000 -101.000000 0.000000 0.000000
26 1600852404 3.000000 -1.000000 -101.000000 0.000000 0.000000
26 1600852405 3.000000 -1.000000 -101.000000 0.000000 0.000000
26 1600852406 0.200000 -1.000000 -101.000000 0.000000 0.000000
26 1600852407 0.200000 -1.000000 -101.000000 0.000000 0.000000
26 1600852408 0.200000 -1.000000 -101.000000 0.000000 0.000000
26 1600852409 0.200000 -1.000000 -101.000000 0.000000 0.000000
26 1600852410 0.200000 -1.000000 -101.000000 0.000000 0.000000
26 1600852411 0.400000 -1.000000 -101.000000 0.000000 0.000000
26 1600852412 0.400000 -1.000000 -101.000000 0.000000 0.000000
26 1600852413 0.400000 -1.000000 -101.000000 0.000000 0.000000
26 1600852414 0.400000 -1.000000 -101.000000 0.000000 0.000000
26 1600852415 0.400000 -1.000000 -101.000000 0.000000 0.000000
26 1600852416 0.800000 -1.000000 -101.000000 0.000000 0.000000
26 1600852417 0.800000 -1.000000 -101.000000 0.000000 0.000000
26 1600852418 0.800000 -1.000000 -101.000000 0.000000 0.000000
26 1600852419 0.800000 -1.000000 -101.000000 0.000000 0.000000
26 1600852420 0.800000 -1.000000 -101.000000 0.000000 0.000000
26 1600852426 1.600000 -1.000000 -101.000000 0.000000 0.000000
26 1600852427 1.600000 -1.000000 -101.000000 0.000000 0.000000
26 1600852428 1.600000 -1.000000 -101.000000 0.000000 0.000000
26 1600852429 1.600000 -1.000000 -101.000000 0.000000 0.000000
26 1600852430 1.600000 -1.000000 -101.000000 0.000000 0.000000
26 1600852431 0.800000 -1.000000 -101.000000 0.000000 0.000000
26 1600852432 0.800000 -1.000000 -101.000000 0.000000 0.000000
26 1600852433 0.800000 -1.000000 -101.000000 0.000000 0.000000
26 1600852434 0.800000 -1.000000 -101.000000 0.000000 0.000000
26 1600852435 0.800000 -1.000000 -101.000000 0.000000 0.000000
15 1600852446 0.600000 -1.000000 -101.000000 0.000000 0.000000
15 1600852447 0.600000 -1.000000 -101.000000 0.000000 0.000000
15 1600852448 0.600000 -1.000000 -101.000000 0.000000 0.000000
15 1600852449 0.600000 -1.000000 -101.000000 0.000000 0.000000
15 1600852450 0.600000 -1.000000 -101.000000 0.000000 0.000000
15 1600852451 0.800000 -1.000000 -101.000000 0.000000 0.000000
15 1600852452 0.800000 -1.000000 -101.000000 0.000000 0.000000
15 1600852453 0.800000 -1.000000 -101.000000 0.000000 0.000000
15 1600852454 0.800000 -1.000000 -101.000000 0.000000 0.000000
15 1600852455 0.800000 -1.000000 -101.000000 0.000000 0.000000
26 1600852446 1.400000 -1.000000 -101.000000 0.000000 0.000000
26 1600852447 1.400000 -1.000000 -101.000000 0.000000 0.000000
26 1600852448 1.400000 -1.000000 -101.000000 0.000000 0.000000
26 1600852449 1.400000 -1.000000 -101.000000 0.000000 0.000000
26 1600852450 1.400000 -1.000000 -101.000000 0.000000 0.000000
26 1600852451 0.400000 -1.000000 -101.000000 0.000000 0.000000
26 1600852452 0.400000 -1.000000 -101.000000 0.000000 0.000000
26 1600852453 0.400000 -1.000000 -101.000000 0.000000 0.000000
26 1600852454 0.400000 -1.000000 -101.000000 0.000000 0.000000
26 1600852455 0.400000 -1.000000 -101.000000 0.000000 0.000000
